0 20 20
1 20 20
2 18 20
3 18 20
4 18 20
5 17 20
6 17 20
7 17 21
8 17 21
9 17 22
10 17 24
11 16 26
12 16 26
13 16 26
14 16 26
15 16 27
16 16 27
17 16 27
18 16 26
19 15 28
20 13 28
21 13 29
22 11 29
23 10 28
24 10 28
25 10 29
26 10 27
27 10 29
28 10 29
29 10 30
30 10 33
31 10 33
32 10 33
33 10 34
34 11 34
35 11 35
36 11 35
37 11 35
38 9 31
39 8 31
40 8 32
41 8 32
42 8 31
43 8 32
44 8 27
45 8 29
46 8 28
47 8 26
48 8 26
49 8 25
50 7 25
51 7 27
52 7 28
53 7 26
54 7 26
55 7 27
56 6 27
57 6 26
58 6 23
59 6 23
60 6 24
61 5 24
62 5 25
63 5 26
64 5 24
65 5 25
66 5 24
67 5 24
68 6 24
69 6 24
70 5 24
71 5 22
72 5 22
73 5 18
74 4 18
75 4 18
76 4 17
77 4 18
78 4 18
79 4 18
80 4 15
81 3 17
82 3 15
83 3 14
84 3 11
85 3 9
86 3 9
87 3 11
88 3 11
89 3 10
90 3 10
91 3 11
92 3 10
93 3 10
94 3 11
95 3 11
96 3 9
97 3 7
98 3 6
99 3 6
100 3 6
